[GENERAL]
EffectSearchPaths=.\reshade\Shaders
NoFontScaling=1
ScreenshotIncludePreset=0
TextureSearchPaths=.\reshade\Textures
PerformanceMode=1
ShowClock=0
CurrentPresetPath=.\reshade\Presets\reshade-CRT.ini
ScreenshotPath=.\reshade\Screenshots
ShowFPS=1
PreprocessorDefinitions=RESHADE_DEPTH_LINEARIZATION_FAR_PLANE=1000.0,RESHADE_DEPTH_INPUT_IS_UPSIDE_DOWN=0,RESHADE_DEPTH_INPUT_IS_REVERSED=1,RESHADE_DEPTH_INPUT_IS_LOGARITHMIC=0
TutorialProgress=4
NoReloadOnInit=0
ShowFrameTime=0
ScreenshotFormat=1
ShowScreenshotMessage=1
ClockFormat=0
SaveWindowState=1
NewVariableUI=1

[INPUT]
KeyReload=35,0,0,0
KeyEffects=0,0,0,0
KeyScreenshot=44,0,0,0
InputProcessing=2
KeyMenu=36,0,0,0

[STYLE]
Alpha=1.000000
FrameBgActive=0.060000,0.530000,0.980000,1.000000
GrabRounding=12.000000
FrameRounding=12.000000
FPSScale=1.600000
ScrollbarGrabActive=0.060000,0.530000,0.980000,1.000000
ChildRounding=12.000000
PopupRounding=12.000000
WindowRounding=12.000000
ScrollbarRounding=12.000000
TabRounding=12.000000
ColFPSText=1.000000,0.000000,0.312797,1.000000
EditorStyleIndex=0
TitleBgCollapsed=0.060000,0.530000,0.980000,0.350000
Font=
ResizeGripHovered=0.060000,0.530000,0.980000,0.780000
FontSize=16
ResizeGrip=0.060000,0.530000,0.980000,0.200000
EditorFont=
EditorFontSize=18
StyleIndex=2
ScrollbarGrabHovered=0.060000,0.530000,0.980000,0.780000
Text=1.000000,1.000000,1.000000,1.000000
TextDisabled=1.000000,1.000000,1.000000,0.580000
WindowBg=0.060000,0.060000,0.060000,0.940000
ChildBg=0.160000,0.290000,0.480000,0.000000
PopupBg=0.060000,0.060000,0.060000,0.920000
TabActive=0.060000,0.530000,0.980000,1.000000
Border=1.000000,1.000000,1.000000,0.300000
BorderShadow=0.000000,0.000000,0.000000,0.000000
NavWindowingDimBg=0.800000,0.800000,0.800000,0.200000
FrameBg=0.160000,0.290000,0.480000,0.540000
FrameBgHovered=0.060000,0.530000,0.980000,0.680000
TitleBg=0.060000,0.530000,0.980000,0.450000
TitleBgActive=0.060000,0.530000,0.980000,0.580000
MenuBarBg=0.160000,0.290000,0.480000,0.570000
ScrollbarBg=0.160000,0.290000,0.480000,1.000000
CheckMark=0.060000,0.530000,0.980000,0.800000
ScrollbarGrab=0.060000,0.530000,0.980000,0.310000
DragDropTarget=1.000000,1.000000,0.000000,0.900000
SliderGrab=0.060000,0.530000,0.980000,0.240000
SeparatorActive=1.000000,1.000000,1.000000,1.000000
NavWindowingHighlight=1.000000,1.000000,1.000000,0.700000
SliderGrabActive=0.060000,0.530000,0.980000,1.000000
PlotHistogram=1.000000,1.000000,1.000000,0.630000
Button=0.060000,0.530000,0.980000,0.440000
ButtonHovered=0.060000,0.530000,0.980000,0.860000
Header=0.060000,0.530000,0.980000,0.760000
ButtonActive=0.060000,0.530000,0.980000,1.000000
HeaderHovered=0.060000,0.530000,0.980000,0.860000
HeaderActive=0.060000,0.530000,0.980000,1.000000
Separator=1.000000,1.000000,1.000000,0.320000
SeparatorHovered=1.000000,1.000000,1.000000,0.780000
ResizeGripActive=0.060000,0.530000,0.980000,1.000000
Tab=0.060000,0.530000,0.980000,0.440000
TabHovered=0.060000,0.530000,0.980000,0.860000
TabUnfocused=0.060000,0.530000,0.980000,0.448000
TextSelectedBg=0.060000,0.530000,0.980000,0.430000
TabUnfocusedActive=0.060000,0.530000,0.980000,0.780000
DockingPreview=0.060000,0.530000,0.980000,0.532000
DockingEmptyBg=0.200000,0.200000,0.200000,1.000000
PlotLines=1.000000,1.000000,1.000000,0.630000
PlotLinesHovered=0.060000,0.530000,0.980000,1.000000
PlotHistogramHovered=0.060000,0.530000,0.980000,1.000000
NavHighlight=0.260000,0.590000,0.980000,1.000000
ModalWindowDimBg=0.800000,0.800000,0.800000,0.350000

